<svg width="456" height="300" viewBox="0 0 456 300" fill="none" xmlns="http://www.w3.org/2000/svg">
<path d="M421 121C417.133 112.867 411.533 106.6 404.2 102.2C396.867 97.6667 388.333 95.4 378.6 95.4C368.867 95.4 360.067 97.6667 352.2 102.2C344.467 106.6 338.333 113 333.8 121.4C329.4 129.667 327.2 139.267 327.2 150.2C327.2 161.133 329.4 170.733 333.8 179C338.333 187.267 344.467 193.667 352.2 198.2C360.067 202.6 368.867 204.8 378.6 204.8C392.2 204.8 403.4 200.733 412.2 192.6C421 184.467 426.133 173.467 427.6 159.6H372V144.8H447V158.8C445.933 170.267 442.333 180.8 436.2 190.4C430.067 199.867 422 207.4 412 213C402 218.467 390.867 221.2 378.6 221.2C365.667 221.2 353.867 218.2 343.2 212.2C332.533 206.067 324.067 197.6 317.8 186.8C311.667 176 308.6 163.8 308.6 150.2C308.6 136.6 311.667 124.4 317.8 113.6C324.067 102.667 332.533 94.2 343.2 88.2C353.867 82.0667 365.667 79 378.6 79C393.4 79 406.467 82.6667 417.8 90C429.267 97.3333 437.6 107.667 442.8 121H421Z" fill="url(#paint0_linear_629_5)"/>
<path d="M27.1 180.9C22.9 180.9 19.1333 180.2 15.8 178.8C12.4667 177.333 9.83333 175.333 7.9 172.8C5.96667 170.2 4.9 167.233 4.7 163.9H14.1C14.3667 166.633 15.6333 168.867 17.9 170.6C20.2333 172.333 23.2667 173.2 27 173.2C30.4667 173.2 33.2 172.433 35.2 170.9C37.2 169.367 38.2 167.433 38.2 165.1C38.2 162.7 37.1333 160.933 35 159.8C32.8667 158.6 29.5667 157.433 25.1 156.3C21.0333 155.233 17.7 154.167 15.1 153.1C12.5667 151.967 10.3667 150.333 8.5 148.2C6.7 146 5.8 143.133 5.8 139.6C5.8 136.8 6.63333 134.233 8.3 131.9C9.96667 129.567 12.3333 127.733 15.4 126.4C18.4667 125 21.9667 124.3 25.9 124.3C31.9667 124.3 36.8667 125.833 40.6 128.9C44.3333 131.967 46.3333 136.167 46.6 141.5H37.5C37.3 138.633 36.1333 136.333 34 134.6C31.9333 132.867 29.1333 132 25.6 132C22.3333 132 19.7333 132.7 17.8 134.1C15.8667 135.5 14.9 137.333 14.9 139.6C14.9 141.4 15.4667 142.9 16.6 144.1C17.8 145.233 19.2667 146.167 21 146.9C22.8 147.567 25.2667 148.333 28.4 149.2C32.3333 150.267 35.5333 151.333 38 152.4C40.4667 153.4 42.5667 154.933 44.3 157C46.1 159.067 47.0333 161.767 47.1 165.1C47.1 168.1 46.2667 170.8 44.6 173.2C42.9333 175.6 40.5667 177.5 37.5 178.9C34.5 180.233 31.0333 180.9 27.1 180.9ZM96.1461 124.2C100.279 124.2 104.013 125.1 107.346 126.9C110.679 128.633 113.279 131.267 115.146 134.8C117.079 138.333 118.046 142.633 118.046 147.7V180H109.046V149C109.046 143.533 107.679 139.367 104.946 136.5C102.213 133.567 98.4794 132.1 93.7461 132.1C88.9461 132.1 85.1128 133.6 82.2461 136.6C79.4461 139.6 78.0461 143.967 78.0461 149.7V180H68.9461V106H78.0461V133C79.8461 130.2 82.3128 128.033 85.4461 126.5C88.6461 124.967 92.2128 124.2 96.1461 124.2ZM165.811 180.9C160.678 180.9 156.011 179.733 151.811 177.4C147.678 175.067 144.411 171.767 142.011 167.5C139.678 163.167 138.511 158.167 138.511 152.5C138.511 146.9 139.711 141.967 142.111 137.7C144.578 133.367 147.911 130.067 152.111 127.8C156.311 125.467 161.011 124.3 166.211 124.3C171.411 124.3 176.111 125.467 180.311 127.8C184.511 130.067 187.811 133.333 190.211 137.6C192.678 141.867 193.911 146.833 193.911 152.5C193.911 158.167 192.644 163.167 190.111 167.5C187.644 171.767 184.278 175.067 180.011 177.4C175.744 179.733 171.011 180.9 165.811 180.9ZM165.811 172.9C169.078 172.9 172.144 172.133 175.011 170.6C177.878 169.067 180.178 166.767 181.911 163.7C183.711 160.633 184.611 156.9 184.611 152.5C184.611 148.1 183.744 144.367 182.011 141.3C180.278 138.233 178.011 135.967 175.211 134.5C172.411 132.967 169.378 132.2 166.111 132.2C162.778 132.2 159.711 132.967 156.911 134.5C154.178 135.967 151.978 138.233 150.311 141.3C148.644 144.367 147.811 148.1 147.811 152.5C147.811 156.967 148.611 160.733 150.211 163.8C151.878 166.867 154.078 169.167 156.811 170.7C159.544 172.167 162.544 172.9 165.811 172.9ZM223.976 135.3C225.776 132.167 228.442 129.567 231.976 127.5C235.576 125.367 239.742 124.3 244.476 124.3C249.342 124.3 253.742 125.467 257.676 127.8C261.676 130.133 264.809 133.433 267.076 137.7C269.342 141.9 270.476 146.8 270.476 152.4C270.476 157.933 269.342 162.867 267.076 167.2C264.809 171.533 261.676 174.9 257.676 177.3C253.742 179.7 249.342 180.9 244.476 180.9C239.809 180.9 235.676 179.867 232.076 177.8C228.542 175.667 225.842 173.033 223.976 169.9V206H214.876V125.2H223.976V135.3ZM261.176 152.4C261.176 148.267 260.342 144.667 258.676 141.6C257.009 138.533 254.742 136.2 251.876 134.6C249.076 133 245.976 132.2 242.576 132.2C239.242 132.2 236.142 133.033 233.276 134.7C230.476 136.3 228.209 138.667 226.476 141.8C224.809 144.867 223.976 148.433 223.976 152.5C223.976 156.633 224.809 160.267 226.476 163.4C228.209 166.467 230.476 168.833 233.276 170.5C236.142 172.1 239.242 172.9 242.576 172.9C245.976 172.9 249.076 172.1 251.876 170.5C254.742 168.833 257.009 166.467 258.676 163.4C260.342 160.267 261.176 156.6 261.176 152.4Z" fill="white"/>
<defs>
<linearGradient id="paint0_linear_629_5" x1="330" y1="70.5" x2="419.5" y2="220" gradientUnits="userSpaceOnUse">
<stop stop-color="#5C4FF5"/>
<stop offset="1" stop-color="#5C2FBA"/>
</linearGradient>
</defs>
</svg>
